Color Isovalue
0.93, 0.92, 0.84, 1.0, 190
0.93, 0.92, 0.84, 1.0, 191
0.93, 0.92, 0.84, 1.0, 192
0.93, 0.92, 0.84, 1.0, 193
0.93, 0.92, 0.84, 1.0, 194
0.93, 0.92, 0.84, 1.0, 195
0.93, 0.92, 0.84, 1.0, 196
0.93, 0.92, 0.84, 1.0, 197
0.93, 0.92, 0.84, 1.0, 198
0.93, 0.92, 0.84, 1.0, 199
0.93, 0.92, 0.84, 1.0, 200
0.93, 0.92, 0.84, 1.0, 201
0.93, 0.92, 0.84, 1.0, 202
0.93, 0.92, 0.84, 1.0, 203
0.93, 0.92, 0.84, 1.0, 204
0.93, 0.92, 0.84, 1.0, 205
0.93, 0.92, 0.84, 1.0, 206
0.93, 0.92, 0.84, 1.0, 207
0.93, 0.92, 0.84, 1.0, 208
0.93, 0.92, 0.84, 1.0, 209
0.93, 0.92, 0.84, 1.0, 210
0.93, 0.92, 0.84, 1.0, 211
0.93, 0.92, 0.84, 1.0, 212
0.93, 0.92, 0.84, 1.0, 213
0.93, 0.92, 0.84, 1.0, 214
0.93, 0.92, 0.84, 1.0, 215
0.93, 0.92, 0.84, 1.0, 216
0.93, 0.92, 0.84, 1.0, 217
0.93, 0.92, 0.84, 1.0, 218
0.93, 0.92, 0.84, 1.0, 219
0.93, 0.92, 0.84, 1.0, 220
0.93, 0.92, 0.84, 1.0, 221
0.93, 0.92, 0.84, 1.0, 222
0.93, 0.92, 0.84, 1.0, 223
0.93, 0.92, 0.84, 1.0, 224
0.93, 0.92, 0.84, 1.0, 225
0.93, 0.92, 0.84, 1.0, 226
0.93, 0.92, 0.84, 1.0, 227
0.93, 0.92, 0.84, 1.0, 228
0.93, 0.92, 0.84, 1.0, 229
0.93, 0.92, 0.84, 1.0, 230
0.93, 0.92, 0.84, 1.0, 231
0.93, 0.92, 0.84, 1.0, 232
0.93, 0.92, 0.84, 1.0, 233
0.93, 0.92, 0.84, 1.0, 234
0.93, 0.92, 0.84, 1.0, 235
0.93, 0.92, 0.84, 1.0, 236
0.93, 0.92, 0.84, 1.0, 237
0.93, 0.92, 0.84, 1.0, 238
0.93, 0.92, 0.84, 1.0, 239
0.93, 0.92, 0.84, 1.0, 240
0.93, 0.92, 0.84, 1.0, 241
0.93, 0.92, 0.84, 1.0, 242
0.93, 0.92, 0.84, 1.0, 243
0.93, 0.92, 0.84, 1.0, 244
0.93, 0.92, 0.84, 1.0, 245
0.93, 0.92, 0.84, 1.0, 246
0.93, 0.92, 0.84, 1.0, 247
0.93, 0.92, 0.84, 1.0, 248
0.93, 0.92, 0.84, 1.0, 249
0.93, 0.92, 0.84, 1.0, 250
0.93, 0.92, 0.84, 1.0, 251
0.93, 0.92, 0.84, 1.0, 252
0.93, 0.92, 0.84, 1.0, 253
0.93, 0.92, 0.84, 1.0, 254
0.93, 0.92, 0.84, 1.0, 255